------------ Energy: 250.000000
Peak range: 375.565002
Spot size FWHM: 5.000000 , 5.000000
Number of SPOTS for this layer: 27
40.552738 -0.000000 0.000000 2.459492
33.793949 7.115044 0.000000 2.459492
27.035160 7.115044 0.000000 2.459492
-6.758790 14.230090 0.000000 2.405630
27.035160 14.230090 0.000000 2.459492
33.793949 14.230090 0.000000 2.540436
40.552738 14.230090 0.000000 2.620915
40.552738 21.345131 0.000000 2.880435
40.552738 28.460180 0.000000 3.188702
33.793949 28.460180 0.000000 3.002619
27.035160 28.460180 0.000000 2.732207
20.276369 28.460180 0.000000 2.620915
33.793949 35.575218 0.000000 3.188702
27.035160 35.575218 0.000000 2.880435
20.276369 35.575218 0.000000 2.620915
13.517580 35.575218 0.000000 2.620915
27.035160 42.690269 0.000000 3.429389
20.276369 42.690269 0.000000 3.002619
13.517580 42.690269 0.000000 2.880435
6.758790 42.690269 0.000000 2.732207
27.035160 49.805309 0.000000 9.236070
20.276369 49.805309 0.000000 4.664121
13.517580 49.805309 0.000000 3.429389
6.758790 49.805309 0.000000 3.002619
6.758790 56.920349 0.000000 7.446270
0.000000 56.920349 0.000000 5.355561
-6.758790 56.920349 0.000000 5.355561
