------------ Energy: 250.000000
Peak range: 375.565002
Spot size FWHM: 5.000000 , 5.000000
Number of SPOTS for this layer: 155
13.517580 -49.805309 0.000000 11.124180
6.758790 -49.805309 0.000000 11.124180
0.000000 -49.805309 0.000000 34.952099
-13.517580 -49.805309 0.000000 34.952099
27.035160 -42.690269 0.000000 11.124180
20.276369 -42.690269 0.000000 9.236070
13.517580 -42.690269 0.000000 9.236070
6.758790 -42.690269 0.000000 7.446270
0.000000 -42.690269 0.000000 9.236070
-6.758790 -42.690269 0.000000 9.236070
-13.517580 -42.690269 0.000000 9.236070
-20.276369 -42.690269 0.000000 11.124180
-27.035160 -42.690269 0.000000 34.952099
33.793949 -35.575218 0.000000 34.952099
27.035160 -35.575218 0.000000 7.446270
20.276369 -35.575218 0.000000 7.446270
13.517580 -35.575218 0.000000 6.258178
6.758790 -35.575218 0.000000 6.258178
0.000000 -35.575218 0.000000 5.355561
-6.758790 -35.575218 0.000000 6.258178
-13.517580 -35.575218 0.000000 6.258178
-20.276369 -35.575218 0.000000 7.446270
-27.035160 -35.575218 0.000000 9.236070
-33.793949 -35.575218 0.000000 34.952099
40.552738 -28.460180 0.000000 34.952099
33.793949 -28.460180 0.000000 9.236070
27.035160 -28.460180 0.000000 7.446270
20.276369 -28.460180 0.000000 6.258178
13.517580 -28.460180 0.000000 6.258178
6.758790 -28.460180 0.000000 5.355561
0.000000 -28.460180 0.000000 5.355561
-6.758790 -28.460180 0.000000 5.355561
-13.517580 -28.460180 0.000000 5.355561
-20.276369 -28.460180 0.000000 6.258178
-27.035160 -28.460180 0.000000 7.446270
-33.793949 -28.460180 0.000000 11.124180
40.552738 -21.345131 0.000000 34.952099
33.793949 -21.345131 0.000000 9.236070
27.035160 -21.345131 0.000000 7.446270
20.276369 -21.345131 0.000000 6.258178
13.517580 -21.345131 0.000000 5.355561
6.758790 -21.345131 0.000000 4.664121
0.000000 -21.345131 0.000000 4.664121
-6.758790 -21.345131 0.000000 5.355561
-13.517580 -21.345131 0.000000 5.355561
-20.276369 -21.345131 0.000000 5.355561
-27.035160 -21.345131 0.000000 7.446270
-33.793949 -21.345131 0.000000 11.124180
-33.793949 -14.230090 0.000000 9.236070
-27.035160 -14.230090 0.000000 7.446270
-20.276369 -14.230090 0.000000 5.355561
-13.517580 -14.230090 0.000000 5.355561
-6.758790 -14.230090 0.000000 4.664121
0.000000 -14.230090 0.000000 4.664121
6.758790 -14.230090 0.000000 4.664121
13.517580 -14.230090 0.000000 5.355561
20.276369 -14.230090 0.000000 5.355561
27.035160 -14.230090 0.000000 7.446270
33.793949 -14.230090 0.000000 9.236070
40.552738 -14.230090 0.000000 11.124180
47.311531 -7.115044 0.000000 11.124180
40.552738 -7.115044 0.000000 7.446270
33.793949 -7.115044 0.000000 7.446270
27.035160 -7.115044 0.000000 6.258178
20.276369 -7.115044 0.000000 5.355561
13.517580 -7.115044 0.000000 5.355561
6.758790 -7.115044 0.000000 4.664121
0.000000 -7.115044 0.000000 4.664121
-6.758790 -7.115044 0.000000 5.355561
-13.517580 -7.115044 0.000000 5.355561
-20.276369 -7.115044 0.000000 6.258178
-27.035160 -7.115044 0.000000 7.446270
-33.793949 -7.115044 0.000000 9.236070
-40.552738 -7.115044 0.000000 34.952099
-40.552738 -0.000000 0.000000 11.124180
-33.793949 -0.000000 0.000000 9.236070
-27.035160 -0.000000 0.000000 7.446270
-20.276369 -0.000000 0.000000 6.258178
-13.517580 -0.000000 0.000000 6.258178
-6.758790 -0.000000 0.000000 5.355561
0.000000 -0.000000 0.000000 5.355561
6.758790 -0.000000 0.000000 5.355561
13.517580 -0.000000 0.000000 5.355561
20.276369 -0.000000 0.000000 5.355561
27.035160 -0.000000 0.000000 6.258178
33.793949 -0.000000 0.000000 7.446270
40.552738 -0.000000 0.000000 7.446270
47.311531 -0.000000 0.000000 9.236070
47.311531 7.115044 0.000000 11.124180
40.552738 7.115044 0.000000 7.446270
33.793949 7.115044 0.000000 7.446270
27.035160 7.115044 0.000000 7.446270
20.276369 7.115044 0.000000 6.258178
13.517580 7.115044 0.000000 5.355561
6.758790 7.115044 0.000000 5.355561
0.000000 7.115044 0.000000 5.355561
-6.758790 7.115044 0.000000 5.355561
-13.517580 7.115044 0.000000 6.258178
-20.276369 7.115044 0.000000 6.258178
-27.035160 7.115044 0.000000 7.446270
-33.793949 7.115044 0.000000 9.236070
-40.552738 7.115044 0.000000 11.124180
-40.552738 14.230090 0.000000 34.952099
-33.793949 14.230090 0.000000 9.236070
-27.035160 14.230090 0.000000 7.446270
-20.276369 14.230090 0.000000 6.258178
-13.517580 14.230090 0.000000 6.258178
-6.758790 14.230090 0.000000 6.258178
0.000000 14.230090 0.000000 5.355561
6.758790 14.230090 0.000000 5.355561
13.517580 14.230090 0.000000 6.258178
20.276369 14.230090 0.000000 7.446270
27.035160 14.230090 0.000000 7.446270
33.793949 14.230090 0.000000 9.236070
40.552738 14.230090 0.000000 11.124180
47.311531 14.230090 0.000000 34.952099
33.793949 21.345131 0.000000 11.124180
27.035160 21.345131 0.000000 9.236070
20.276369 21.345131 0.000000 9.236070
13.517580 21.345131 0.000000 7.446270
6.758790 21.345131 0.000000 6.258178
0.000000 21.345131 0.000000 6.258178
-6.758790 21.345131 0.000000 6.258178
-13.517580 21.345131 0.000000 6.258178
-20.276369 21.345131 0.000000 6.258178
-27.035160 21.345131 0.000000 7.446270
-33.793949 21.345131 0.000000 11.124180
-40.552738 21.345131 0.000000 34.952099
27.035160 28.460180 0.000000 34.952099
20.276369 28.460180 0.000000 11.124180
13.517580 28.460180 0.000000 9.236070
6.758790 28.460180 0.000000 7.446270
0.000000 28.460180 0.000000 6.258178
-6.758790 28.460180 0.000000 6.258178
-13.517580 28.460180 0.000000 6.258178
-20.276369 28.460180 0.000000 7.446270
-27.035160 28.460180 0.000000 9.236070
-33.793949 28.460180 0.000000 11.124180
20.276369 35.575218 0.000000 11.124180
13.517580 35.575218 0.000000 11.124180
6.758790 35.575218 0.000000 9.236070
0.000000 35.575218 0.000000 7.446270
-6.758790 35.575218 0.000000 7.446270
-13.517580 35.575218 0.000000 7.446270
-20.276369 35.575218 0.000000 9.236070
-27.035160 35.575218 0.000000 11.124180
-33.793949 35.575218 0.000000 34.952099
6.758790 42.690269 0.000000 34.952099
0.000000 42.690269 0.000000 11.124180
-6.758790 42.690269 0.000000 11.124180
-13.517580 42.690269 0.000000 11.124180
-20.276369 42.690269 0.000000 34.952099
-27.035160 42.690269 0.000000 34.952099
-6.758790 49.805309 0.000000 34.952099
-13.517580 49.805309 0.000000 11.124180
