------------ Energy: 250.000000
Peak range: 375.565002
Spot size FWHM: 5.000000 , 5.000000
Number of SPOTS for this layer: 156
-20.276369 -28.460180 0.000000 2.459492
-27.035160 -28.460180 0.000000 2.540436
-33.793949 -28.460180 0.000000 2.732207
-6.758790 -28.460180 0.000000 2.405630
47.311531 -28.460180 0.000000 3.188702
40.552738 -28.460180 0.000000 2.880435
33.793949 -28.460180 0.000000 2.620915
47.311531 -21.345131 0.000000 3.002619
40.552738 -21.345131 0.000000 2.880435
33.793949 -21.345131 0.000000 2.620915
27.035160 -21.345131 0.000000 2.540436
-13.517580 -21.345131 0.000000 2.405630
-20.276369 -21.345131 0.000000 2.405630
-27.035160 -21.345131 0.000000 2.540436
-33.793949 -21.345131 0.000000 2.732207
-40.552738 -21.345131 0.000000 3.002619
-47.311531 -14.230090 0.000000 3.188702
-40.552738 -14.230090 0.000000 3.002619
-33.793949 -14.230090 0.000000 2.620915
-27.035160 -14.230090 0.000000 2.540436
-20.276369 -14.230090 0.000000 2.405630
-13.517580 -14.230090 0.000000 2.405630
20.276369 -14.230090 0.000000 2.405630
27.035160 -14.230090 0.000000 2.540436
33.793949 -14.230090 0.000000 2.620915
40.552738 -14.230090 0.000000 2.732207
47.311531 -14.230090 0.000000 3.002619
47.311531 -7.115044 0.000000 2.732207
40.552738 -7.115044 0.000000 2.540436
33.793949 -7.115044 0.000000 2.540436
27.035160 -7.115044 0.000000 2.459492
20.276369 -7.115044 0.000000 2.405630
13.517580 -7.115044 0.000000 2.405630
6.758790 -7.115044 0.000000 2.354778
-6.758790 -7.115044 0.000000 2.405630
-13.517580 -7.115044 0.000000 2.405630
-20.276369 -7.115044 0.000000 2.459492
-27.035160 -7.115044 0.000000 2.540436
-33.793949 -7.115044 0.000000 2.620915
-40.552738 -7.115044 0.000000 2.880435
-47.311531 -7.115044 0.000000 3.188702
-47.311531 -0.000000 0.000000 3.188702
-40.552738 -0.000000 0.000000 2.732207
-33.793949 -0.000000 0.000000 2.620915
-27.035160 -0.000000 0.000000 2.540436
-20.276369 -0.000000 0.000000 2.459492
-13.517580 -0.000000 0.000000 2.459492
-6.758790 -0.000000 0.000000 2.405630
0.000000 -0.000000 0.000000 2.405630
6.758790 -0.000000 0.000000 2.405630
13.517580 -0.000000 0.000000 2.405630
20.276369 -0.000000 0.000000 2.405630
27.035160 -0.000000 0.000000 2.459492
33.793949 -0.000000 0.000000 2.540436
40.552738 -0.000000 0.000000 2.540436
47.311531 -0.000000 0.000000 2.620915
47.311531 7.115044 0.000000 2.732207
40.552738 7.115044 0.000000 2.540436
33.793949 7.115044 0.000000 2.540436
27.035160 7.115044 0.000000 2.540436
20.276369 7.115044 0.000000 2.459492
13.517580 7.115044 0.000000 2.405630
6.758790 7.115044 0.000000 2.405630
0.000000 7.115044 0.000000 2.405630
-6.758790 7.115044 0.000000 2.405630
-13.517580 7.115044 0.000000 2.459492
-20.276369 7.115044 0.000000 2.459492
-27.035160 7.115044 0.000000 2.540436
-33.793949 7.115044 0.000000 2.620915
-40.552738 7.115044 0.000000 2.732207
-47.311531 7.115044 0.000000 3.188702
-54.070320 7.115044 0.000000 4.135749
-47.311531 14.230090 0.000000 3.188702
-40.552738 14.230090 0.000000 2.880435
-33.793949 14.230090 0.000000 2.620915
-27.035160 14.230090 0.000000 2.540436
-20.276369 14.230090 0.000000 2.459492
-13.517580 14.230090 0.000000 2.459492
-6.758790 14.230090 0.000000 2.459492
0.000000 14.230090 0.000000 2.405630
6.758790 14.230090 0.000000 2.405630
13.517580 14.230090 0.000000 2.459492
20.276369 14.230090 0.000000 2.540436
27.035160 14.230090 0.000000 2.540436
33.793949 14.230090 0.000000 2.620915
40.552738 14.230090 0.000000 2.732207
47.311531 14.230090 0.000000 2.880435
47.311531 21.345131 0.000000 3.429389
40.552738 21.345131 0.000000 3.002619
33.793949 21.345131 0.000000 2.732207
27.035160 21.345131 0.000000 2.620915
20.276369 21.345131 0.000000 2.620915
13.517580 21.345131 0.000000 2.540436
6.758790 21.345131 0.000000 2.459492
0.000000 21.345131 0.000000 2.459492
-6.758790 21.345131 0.000000 2.459492
-13.517580 21.345131 0.000000 2.459492
-20.276369 21.345131 0.000000 2.459492
-27.035160 21.345131 0.000000 2.540436
-33.793949 21.345131 0.000000 2.732207
-40.552738 21.345131 0.000000 2.880435
-47.311531 21.345131 0.000000 3.188702
47.311531 28.460180 0.000000 4.664121
40.552738 28.460180 0.000000 3.429389
33.793949 28.460180 0.000000 3.188702
27.035160 28.460180 0.000000 2.880435
20.276369 28.460180 0.000000 2.732207
13.517580 28.460180 0.000000 2.620915
6.758790 28.460180 0.000000 2.540436
0.000000 28.460180 0.000000 2.459492
-6.758790 28.460180 0.000000 2.459492
-13.517580 28.460180 0.000000 2.459492
-20.276369 28.460180 0.000000 2.540436
-27.035160 28.460180 0.000000 2.620915
-33.793949 28.460180 0.000000 2.732207
-40.552738 28.460180 0.000000 3.002619
-47.311531 28.460180 0.000000 3.188702
33.793949 35.575218 0.000000 3.429389
27.035160 35.575218 0.000000 3.002619
20.276369 35.575218 0.000000 2.732207
13.517580 35.575218 0.000000 2.732207
6.758790 35.575218 0.000000 2.620915
0.000000 35.575218 0.000000 2.540436
-6.758790 35.575218 0.000000 2.540436
-13.517580 35.575218 0.000000 2.540436
-20.276369 35.575218 0.000000 2.620915
-27.035160 35.575218 0.000000 2.732207
-33.793949 35.575218 0.000000 2.880435
-40.552738 35.575218 0.000000 3.002619
-47.311531 35.575218 0.000000 4.664121
33.793949 42.690269 0.000000 6.258178
27.035160 42.690269 0.000000 3.737417
20.276369 42.690269 0.000000 3.188702
13.517580 42.690269 0.000000 3.002619
6.758790 42.690269 0.000000 2.880435
0.000000 42.690269 0.000000 2.732207
-6.758790 42.690269 0.000000 2.732207
-13.517580 42.690269 0.000000 2.732207
-20.276369 42.690269 0.000000 2.880435
-27.035160 42.690269 0.000000 2.880435
-33.793949 42.690269 0.000000 3.002619
-40.552738 42.690269 0.000000 4.135749
27.035160 49.805309 0.000000 11.124180
20.276369 49.805309 0.000000 5.355561
13.517580 49.805309 0.000000 3.737417
6.758790 49.805309 0.000000 3.188702
0.000000 49.805309 0.000000 3.002619
-6.758790 49.805309 0.000000 2.880435
-13.517580 49.805309 0.000000 2.732207
-20.276369 49.805309 0.000000 3.002619
-27.035160 49.805309 0.000000 3.429389
-33.793949 49.805309 0.000000 6.258178
6.758790 56.920349 0.000000 9.236070
0.000000 56.920349 0.000000 6.258178
-6.758790 56.920349 0.000000 6.258178
-13.517580 56.920349 0.000000 9.236070
