------------ Energy: 250.000000
Peak range: 375.565002
Spot size FWHM: 5.000000 , 5.000000
Number of SPOTS for this layer: 63
13.517580 -35.575218 0.000000 34.952099
6.758790 -35.575218 0.000000 34.952099
0.000000 -35.575218 0.000000 11.124180
-6.758790 -35.575218 0.000000 34.952099
-13.517580 -35.575218 0.000000 34.952099
20.276369 -28.460180 0.000000 34.952099
13.517580 -28.460180 0.000000 34.952099
6.758790 -28.460180 0.000000 11.124180
0.000000 -28.460180 0.000000 11.124180
-6.758790 -28.460180 0.000000 11.124180
-13.517580 -28.460180 0.000000 11.124180
-20.276369 -28.460180 0.000000 34.952099
20.276369 -21.345131 0.000000 34.952099
13.517580 -21.345131 0.000000 11.124180
6.758790 -21.345131 0.000000 9.236070
0.000000 -21.345131 0.000000 9.236070
-6.758790 -21.345131 0.000000 11.124180
-13.517580 -21.345131 0.000000 11.124180
-20.276369 -21.345131 0.000000 11.124180
-20.276369 -14.230090 0.000000 11.124180
-13.517580 -14.230090 0.000000 11.124180
-6.758790 -14.230090 0.000000 9.236070
0.000000 -14.230090 0.000000 9.236070
6.758790 -14.230090 0.000000 9.236070
13.517580 -14.230090 0.000000 11.124180
20.276369 -14.230090 0.000000 11.124180
27.035160 -7.115044 0.000000 34.952099
20.276369 -7.115044 0.000000 11.124180
13.517580 -7.115044 0.000000 11.124180
6.758790 -7.115044 0.000000 9.236070
0.000000 -7.115044 0.000000 9.236070
-6.758790 -7.115044 0.000000 11.124180
-13.517580 -7.115044 0.000000 11.124180
-20.276369 -7.115044 0.000000 34.952099
-20.276369 -0.000000 0.000000 34.952099
-13.517580 -0.000000 0.000000 34.952099
-6.758790 -0.000000 0.000000 11.124180
0.000000 -0.000000 0.000000 11.124180
6.758790 -0.000000 0.000000 11.124180
13.517580 -0.000000 0.000000 11.124180
20.276369 -0.000000 0.000000 11.124180
27.035160 -0.000000 0.000000 34.952099
20.276369 7.115044 0.000000 34.952099
13.517580 7.115044 0.000000 11.124180
6.758790 7.115044 0.000000 11.124180
0.000000 7.115044 0.000000 11.124180
-6.758790 7.115044 0.000000 11.124180
-13.517580 7.115044 0.000000 34.952099
-20.276369 7.115044 0.000000 34.952099
-20.276369 14.230090 0.000000 34.952099
-13.517580 14.230090 0.000000 34.952099
-6.758790 14.230090 0.000000 34.952099
0.000000 14.230090 0.000000 11.124180
6.758790 14.230090 0.000000 11.124180
13.517580 14.230090 0.000000 34.952099
6.758790 21.345131 0.000000 34.952099
0.000000 21.345131 0.000000 34.952099
-6.758790 21.345131 0.000000 34.952099
-13.517580 21.345131 0.000000 34.952099
-20.276369 21.345131 0.000000 34.952099
0.000000 28.460180 0.000000 34.952099
-6.758790 28.460180 0.000000 34.952099
-13.517580 28.460180 0.000000 34.952099
