------------ Energy: 250.000000
Peak range: 375.565002
Spot size FWHM: 5.000000 , 5.000000
Number of SPOTS for this layer: 206
13.517580 -49.805309 0.000000 3.737417
6.758790 -49.805309 0.000000 3.737417
0.000000 -49.805309 0.000000 4.135749
-6.758790 -49.805309 0.000000 4.664121
-13.517580 -49.805309 0.000000 4.135749
40.552738 -42.690269 0.000000 7.446270
33.793949 -42.690269 0.000000 5.355561
27.035160 -42.690269 0.000000 3.737417
20.276369 -42.690269 0.000000 3.429389
13.517580 -42.690269 0.000000 3.429389
6.758790 -42.690269 0.000000 3.188702
0.000000 -42.690269 0.000000 3.429389
-6.758790 -42.690269 0.000000 3.429389
-13.517580 -42.690269 0.000000 3.429389
-20.276369 -42.690269 0.000000 3.737417
-27.035160 -42.690269 0.000000 4.135749
47.311531 -35.575218 0.000000 9.236070
40.552738 -35.575218 0.000000 5.355561
33.793949 -35.575218 0.000000 4.135749
27.035160 -35.575218 0.000000 3.188702
20.276369 -35.575218 0.000000 3.188702
13.517580 -35.575218 0.000000 3.002619
6.758790 -35.575218 0.000000 3.002619
0.000000 -35.575218 0.000000 2.880435
-6.758790 -35.575218 0.000000 3.002619
-13.517580 -35.575218 0.000000 3.002619
-20.276369 -35.575218 0.000000 3.188702
-27.035160 -35.575218 0.000000 3.429389
-33.793949 -35.575218 0.000000 4.135749
-40.552738 -35.575218 0.000000 5.355561
54.070320 -28.460180 0.000000 34.952099
47.311531 -28.460180 0.000000 5.355561
40.552738 -28.460180 0.000000 4.135749
33.793949 -28.460180 0.000000 3.429389
27.035160 -28.460180 0.000000 3.188702
20.276369 -28.460180 0.000000 3.002619
13.517580 -28.460180 0.000000 3.002619
6.758790 -28.460180 0.000000 2.880435
0.000000 -28.460180 0.000000 2.880435
-6.758790 -28.460180 0.000000 2.880435
-13.517580 -28.460180 0.000000 2.880435
-20.276369 -28.460180 0.000000 3.002619
-27.035160 -28.460180 0.000000 3.188702
-33.793949 -28.460180 0.000000 3.737417
-40.552738 -28.460180 0.000000 4.664121
-47.311531 -28.460180 0.000000 6.258178
54.070320 -21.345131 0.000000 7.446270
47.311531 -21.345131 0.000000 4.664121
40.552738 -21.345131 0.000000 4.135749
33.793949 -21.345131 0.000000 3.429389
27.035160 -21.345131 0.000000 3.188702
20.276369 -21.345131 0.000000 3.002619
13.517580 -21.345131 0.000000 2.880435
6.758790 -21.345131 0.000000 2.732207
0.000000 -21.345131 0.000000 2.732207
-6.758790 -21.345131 0.000000 2.880435
-13.517580 -21.345131 0.000000 2.880435
-20.276369 -21.345131 0.000000 2.880435
-27.035160 -21.345131 0.000000 3.188702
-33.793949 -21.345131 0.000000 3.737417
-40.552738 -21.345131 0.000000 4.664121
-47.311531 -21.345131 0.000000 5.355561
-47.311531 -14.230090 0.000000 5.355561
-40.552738 -14.230090 0.000000 4.664121
-33.793949 -14.230090 0.000000 3.429389
-27.035160 -14.230090 0.000000 3.188702
-20.276369 -14.230090 0.000000 2.880435
-13.517580 -14.230090 0.000000 2.880435
-6.758790 -14.230090 0.000000 2.732207
0.000000 -14.230090 0.000000 2.732207
6.758790 -14.230090 0.000000 2.732207
13.517580 -14.230090 0.000000 2.880435
20.276369 -14.230090 0.000000 2.880435
27.035160 -14.230090 0.000000 3.188702
33.793949 -14.230090 0.000000 3.429389
40.552738 -14.230090 0.000000 3.737417
47.311531 -14.230090 0.000000 4.664121
54.070320 -14.230090 0.000000 7.446270
54.070320 -7.115044 0.000000 7.446270
47.311531 -7.115044 0.000000 3.737417
40.552738 -7.115044 0.000000 3.188702
33.793949 -7.115044 0.000000 3.188702
27.035160 -7.115044 0.000000 3.002619
20.276369 -7.115044 0.000000 2.880435
13.517580 -7.115044 0.000000 2.880435
6.758790 -7.115044 0.000000 2.732207
0.000000 -7.115044 0.000000 2.732207
-6.758790 -7.115044 0.000000 2.880435
-13.517580 -7.115044 0.000000 2.880435
-20.276369 -7.115044 0.000000 3.002619
-27.035160 -7.115044 0.000000 3.188702
-33.793949 -7.115044 0.000000 3.429389
-40.552738 -7.115044 0.000000 4.135749
-47.311531 -7.115044 0.000000 5.355561
-54.070320 -7.115044 0.000000 9.236070
-54.070320 -0.000000 0.000000 9.236070
-47.311531 -0.000000 0.000000 5.355561
-40.552738 -0.000000 0.000000 3.737417
-33.793949 -0.000000 0.000000 3.429389
-27.035160 -0.000000 0.000000 3.188702
-20.276369 -0.000000 0.000000 3.002619
-13.517580 -0.000000 0.000000 3.002619
-6.758790 -0.000000 0.000000 2.880435
0.000000 -0.000000 0.000000 2.880435
6.758790 -0.000000 0.000000 2.880435
13.517580 -0.000000 0.000000 2.880435
20.276369 -0.000000 0.000000 2.880435
27.035160 -0.000000 0.000000 3.002619
33.793949 -0.000000 0.000000 3.188702
40.552738 -0.000000 0.000000 3.188702
47.311531 -0.000000 0.000000 3.429389
54.070320 -0.000000 0.000000 7.446270
47.311531 7.115044 0.000000 3.737417
40.552738 7.115044 0.000000 3.188702
33.793949 7.115044 0.000000 3.188702
27.035160 7.115044 0.000000 3.188702
20.276369 7.115044 0.000000 3.002619
13.517580 7.115044 0.000000 2.880435
6.758790 7.115044 0.000000 2.880435
0.000000 7.115044 0.000000 2.880435
-6.758790 7.115044 0.000000 2.880435
-13.517580 7.115044 0.000000 3.002619
-20.276369 7.115044 0.000000 3.002619
-27.035160 7.115044 0.000000 3.188702
-33.793949 7.115044 0.000000 3.429389
-40.552738 7.115044 0.000000 3.737417
-47.311531 7.115044 0.000000 5.355561
-54.070320 7.115044 0.000000 9.236070
-54.070320 14.230090 0.000000 34.952099
-47.311531 14.230090 0.000000 5.355561
-40.552738 14.230090 0.000000 4.135749
-33.793949 14.230090 0.000000 3.429389
-27.035160 14.230090 0.000000 3.188702
-20.276369 14.230090 0.000000 3.002619
-13.517580 14.230090 0.000000 3.002619
-6.758790 14.230090 0.000000 3.002619
0.000000 14.230090 0.000000 2.880435
6.758790 14.230090 0.000000 2.880435
13.517580 14.230090 0.000000 3.002619
20.276369 14.230090 0.000000 3.188702
27.035160 14.230090 0.000000 3.188702
33.793949 14.230090 0.000000 3.429389
40.552738 14.230090 0.000000 3.737417
47.311531 14.230090 0.000000 4.135749
47.311531 21.345131 0.000000 6.258178
40.552738 21.345131 0.000000 4.664121
33.793949 21.345131 0.000000 3.737417
27.035160 21.345131 0.000000 3.429389
20.276369 21.345131 0.000000 3.429389
13.517580 21.345131 0.000000 3.188702
6.758790 21.345131 0.000000 3.002619
0.000000 21.345131 0.000000 3.002619
-6.758790 21.345131 0.000000 3.002619
-13.517580 21.345131 0.000000 3.002619
-20.276369 21.345131 0.000000 3.002619
-27.035160 21.345131 0.000000 3.188702
-33.793949 21.345131 0.000000 3.737417
-40.552738 21.345131 0.000000 4.135749
-47.311531 21.345131 0.000000 5.355561
47.311531 28.460180 0.000000 11.124180
40.552738 28.460180 0.000000 6.258178
33.793949 28.460180 0.000000 5.355561
27.035160 28.460180 0.000000 4.135749
20.276369 28.460180 0.000000 3.737417
13.517580 28.460180 0.000000 3.429389
6.758790 28.460180 0.000000 3.188702
0.000000 28.460180 0.000000 3.002619
-6.758790 28.460180 0.000000 3.002619
-13.517580 28.460180 0.000000 3.002619
-20.276369 28.460180 0.000000 3.188702
-27.035160 28.460180 0.000000 3.429389
-33.793949 28.460180 0.000000 3.737417
-40.552738 28.460180 0.000000 4.664121
-47.311531 28.460180 0.000000 5.355561
33.793949 35.575218 0.000000 6.258178
27.035160 35.575218 0.000000 4.664121
20.276369 35.575218 0.000000 3.737417
13.517580 35.575218 0.000000 3.737417
6.758790 35.575218 0.000000 3.429389
0.000000 35.575218 0.000000 3.188702
-6.758790 35.575218 0.000000 3.188702
-13.517580 35.575218 0.000000 3.188702
-20.276369 35.575218 0.000000 3.429389
-27.035160 35.575218 0.000000 3.737417
-33.793949 35.575218 0.000000 4.135749
-40.552738 35.575218 0.000000 4.664121
-47.311531 35.575218 0.000000 11.124180
27.035160 42.690269 0.000000 7.446270
20.276369 42.690269 0.000000 5.355561
13.517580 42.690269 0.000000 4.664121
6.758790 42.690269 0.000000 4.135749
0.000000 42.690269 0.000000 3.737417
-6.758790 42.690269 0.000000 3.737417
-13.517580 42.690269 0.000000 3.737417
-20.276369 42.690269 0.000000 4.135749
-27.035160 42.690269 0.000000 4.135749
-33.793949 42.690269 0.000000 4.664121
-40.552738 42.690269 0.000000 9.236070
20.276369 49.805309 0.000000 34.952099
13.517580 49.805309 0.000000 7.446270
6.758790 49.805309 0.000000 5.355561
0.000000 49.805309 0.000000 4.664121
-6.758790 49.805309 0.000000 4.135749
-13.517580 49.805309 0.000000 3.737417
-20.276369 49.805309 0.000000 4.664121
-27.035160 49.805309 0.000000 6.258178
